Experiment : climbmix_sampling
T          : 5 samples
sample_size: 65536
vocab_sizes: [8192, 16384, 32768, 65536, 131072, 262144]
seed_base  : 42

=== Vocab size 8192 ===
  Length-conditioned raw pair results: results.json -> by_token_length
  Length-conditioned plot: jaccard_by_token_length_vocab_8192.pdf
  LP all_ones: mean=0.9078  min=0.8985  max=0.9151
    [[0.     0.9145 0.9038 0.9107 0.9075]
 [0.9145 0.     0.9048 0.9151 0.9068]
 [0.9038 0.9048 0.     0.8985 0.9047]
 [0.9107 0.9151 0.8985 0.     0.9113]
 [0.9075 0.9068 0.9047 0.9113 0.    ]]
  LP det     : mean=0.8821  min=0.8777  max=0.8885
    [[0.     0.8881 0.8811 0.8885 0.885 ]
 [0.8881 0.     0.8777 0.8777 0.8783]
 [0.8811 0.8777 0.     0.8788 0.8842]
 [0.8885 0.8777 0.8788 0.     0.8816]
 [0.885  0.8783 0.8842 0.8816 0.    ]]
  LP bias    : mean=0.8943  min=0.8894  max=0.9021
    [[0.     0.9021 0.8898 0.8975 0.8957]
 [0.9021 0.     0.8907 0.8968 0.8942]
 [0.8898 0.8907 0.     0.8916 0.8894]
 [0.8975 0.8968 0.8916 0.     0.8946]
 [0.8957 0.8942 0.8894 0.8946 0.    ]]
  BPE       : mean=0.9139  min=0.9077  max=0.9184
    [[0.     0.9144 0.9117 0.9164 0.9103]
 [0.9144 0.     0.9077 0.9171 0.9112]
 [0.9117 0.9077 0.     0.9137 0.9184]
 [0.9164 0.9171 0.9137 0.     0.9184]
 [0.9103 0.9112 0.9184 0.9184 0.    ]]
  UNIGRAM   : mean=0.6871  min=0.6815  max=0.6949
    [[0.     0.682  0.6815 0.6903 0.6949]
 [0.682  0.     0.6863 0.6846 0.6898]
 [0.6815 0.6863 0.     0.683  0.6853]
 [0.6903 0.6846 0.683  0.     0.6933]
 [0.6949 0.6898 0.6853 0.6933 0.    ]]

=== Vocab size 16384 ===
  Length-conditioned raw pair results: results.json -> by_token_length
  Length-conditioned plot: jaccard_by_token_length_vocab_16384.pdf
  LP all_ones: mean=0.8665  min=0.8543  max=0.8771
    [[0.     0.87   0.8679 0.8575 0.8727]
 [0.87   0.     0.8697 0.8618 0.8771]
 [0.8679 0.8697 0.     0.8543 0.8705]
 [0.8575 0.8618 0.8543 0.     0.8634]
 [0.8727 0.8771 0.8705 0.8634 0.    ]]
  LP det     : mean=0.8463  min=0.8423  max=0.8507
    [[0.     0.8464 0.8449 0.847  0.846 ]
 [0.8464 0.     0.8452 0.8498 0.8507]
 [0.8449 0.8452 0.     0.8425 0.8423]
 [0.847  0.8498 0.8425 0.     0.8479]
 [0.846  0.8507 0.8423 0.8479 0.    ]]
  LP bias    : mean=0.8530  min=0.8485  max=0.8578
    [[0.     0.8539 0.8557 0.8507 0.8561]
 [0.8539 0.     0.8535 0.8504 0.8578]
 [0.8557 0.8535 0.     0.8485 0.8538]
 [0.8507 0.8504 0.8485 0.     0.8499]
 [0.8561 0.8578 0.8538 0.8499 0.    ]]
  BPE       : mean=0.8813  min=0.8757  max=0.8868
    [[0.     0.8792 0.8797 0.8828 0.8769]
 [0.8792 0.     0.8767 0.885  0.8757]
 [0.8797 0.8767 0.     0.8868 0.8852]
 [0.8828 0.885  0.8868 0.     0.8853]
 [0.8769 0.8757 0.8852 0.8853 0.    ]]
  UNIGRAM   : mean=0.6252  min=0.6165  max=0.6319
    [[0.     0.6255 0.6165 0.6239 0.6314]
 [0.6255 0.     0.6268 0.6306 0.6283]
 [0.6165 0.6268 0.     0.6181 0.619 ]
 [0.6239 0.6306 0.6181 0.     0.6319]
 [0.6314 0.6283 0.619  0.6319 0.    ]]

=== Vocab size 32768 ===
  Length-conditioned raw pair results: results.json -> by_token_length
  Length-conditioned plot: jaccard_by_token_length_vocab_32768.pdf
  LP all_ones: mean=0.8030  min=0.7946  max=0.8120
    [[0.     0.8065 0.8009 0.8058 0.8026]
 [0.8065 0.     0.7946 0.8009 0.8007]
 [0.8009 0.7946 0.     0.8045 0.8011]
 [0.8058 0.8009 0.8045 0.     0.812 ]
 [0.8026 0.8007 0.8011 0.812  0.    ]]
  LP det     : mean=0.7854  min=0.7792  max=0.7907
    [[0.     0.7879 0.7838 0.7907 0.7852]
 [0.7879 0.     0.7825 0.788  0.785 ]
 [0.7838 0.7825 0.     0.7841 0.7792]
 [0.7907 0.788  0.7841 0.     0.788 ]
 [0.7852 0.785  0.7792 0.788  0.    ]]
  LP bias    : mean=0.7907  min=0.7866  max=0.7960
    [[0.     0.7912 0.7875 0.7936 0.7897]
 [0.7912 0.     0.7866 0.7934 0.7897]
 [0.7875 0.7866 0.     0.7924 0.7873]
 [0.7936 0.7934 0.7924 0.     0.796 ]
 [0.7897 0.7897 0.7873 0.796  0.    ]]
  BPE       : mean=0.8276  min=0.8189  max=0.8357
    [[0.     0.8296 0.8242 0.8323 0.8285]
 [0.8296 0.     0.8189 0.83   0.8261]
 [0.8242 0.8189 0.     0.8281 0.8225]
 [0.8323 0.83   0.8281 0.     0.8357]
 [0.8285 0.8261 0.8225 0.8357 0.    ]]
  UNIGRAM   : mean=0.5609  min=0.5542  max=0.5682
    [[0.     0.5622 0.5542 0.5621 0.5625]
 [0.5622 0.     0.5592 0.5682 0.5656]
 [0.5542 0.5592 0.     0.5546 0.5545]
 [0.5621 0.5682 0.5546 0.     0.5659]
 [0.5625 0.5656 0.5545 0.5659 0.    ]]

=== Vocab size 65536 ===
  Length-conditioned raw pair results: results.json -> by_token_length
  Length-conditioned plot: jaccard_by_token_length_vocab_65536.pdf
  LP all_ones: mean=0.7089  min=0.6970  max=0.7201
    [[0.     0.7132 0.6999 0.7029 0.7089]
 [0.7132 0.     0.697  0.7053 0.7086]
 [0.6999 0.697  0.     0.7175 0.7156]
 [0.7029 0.7053 0.7175 0.     0.7201]
 [0.7089 0.7086 0.7156 0.7201 0.    ]]
  LP det     : mean=0.6997  min=0.6965  max=0.7027
    [[0.     0.702  0.6965 0.7001 0.7   ]
 [0.702  0.     0.6967 0.7027 0.7007]
 [0.6965 0.6967 0.     0.6982 0.6978]
 [0.7001 0.7027 0.6982 0.     0.7023]
 [0.7    0.7007 0.6978 0.7023 0.    ]]
  LP bias    : mean=0.7055  min=0.6985  max=0.7115
    [[0.     0.708  0.7015 0.7032 0.7054]
 [0.708  0.     0.6985 0.7034 0.7051]
 [0.7015 0.6985 0.     0.7099 0.7085]
 [0.7032 0.7034 0.7099 0.     0.7115]
 [0.7054 0.7051 0.7085 0.7115 0.    ]]
  BPE       : mean=0.7484  min=0.7446  max=0.7519
    [[0.     0.7496 0.7455 0.7518 0.748 ]
 [0.7496 0.     0.7446 0.7519 0.7487]
 [0.7455 0.7446 0.     0.7461 0.7461]
 [0.7518 0.7519 0.7461 0.     0.7515]
 [0.748  0.7487 0.7461 0.7515 0.    ]]
  UNIGRAM   : mean=0.4753  min=0.4681  max=0.4822
    [[0.     0.4791 0.4713 0.4768 0.4741]
 [0.4791 0.     0.4746 0.4822 0.4773]
 [0.4713 0.4746 0.     0.4718 0.4681]
 [0.4768 0.4822 0.4718 0.     0.4777]
 [0.4741 0.4773 0.4681 0.4777 0.    ]]

=== Vocab size 131072 ===
  Length-conditioned raw pair results: results.json -> by_token_length
  Length-conditioned plot: jaccard_by_token_length_vocab_131072.pdf
  LP all_ones: mean=0.5824  min=0.5701  max=0.5919
    [[0.     0.5868 0.5701 0.5884 0.5898]
 [0.5868 0.     0.5749 0.5878 0.5897]
 [0.5701 0.5749 0.     0.5722 0.5729]
 [0.5884 0.5878 0.5722 0.     0.5919]
 [0.5898 0.5897 0.5729 0.5919 0.    ]]
  LP det     : mean=0.5704  min=0.5671  max=0.5740
    [[0.     0.5714 0.5671 0.5706 0.5717]
 [0.5714 0.     0.5672 0.5719 0.574 ]
 [0.5671 0.5672 0.     0.5672 0.5691]
 [0.5706 0.5719 0.5672 0.     0.5735]
 [0.5717 0.574  0.5691 0.5735 0.    ]]
  LP bias    : mean=0.5788  min=0.5692  max=0.5872
    [[0.     0.5821 0.5698 0.5849 0.5856]
 [0.5821 0.     0.5712 0.5821 0.5845]
 [0.5698 0.5712 0.     0.5692 0.5712]
 [0.5849 0.5821 0.5692 0.     0.5872]
 [0.5856 0.5845 0.5712 0.5872 0.    ]]
  BPE       : mean=0.6266  min=0.6239  max=0.6297
    [[0.     0.6274 0.6239 0.6265 0.6275]
 [0.6274 0.     0.624  0.6276 0.6297]
 [0.6239 0.624  0.     0.6241 0.6271]
 [0.6265 0.6276 0.6241 0.     0.6281]
 [0.6275 0.6297 0.6271 0.6281 0.    ]]
  UNIGRAM   : mean=0.3913  min=0.3859  max=0.3962
    [[0.     0.3921 0.3859 0.3923 0.394 ]
 [0.3921 0.     0.3881 0.3941 0.3943]
 [0.3859 0.3881 0.     0.3881 0.3883]
 [0.3923 0.3941 0.3881 0.     0.3962]
 [0.394  0.3943 0.3883 0.3962 0.    ]]

=== Vocab size 262144 ===
  Length-conditioned raw pair results: results.json -> by_token_length
  Length-conditioned plot: jaccard_by_token_length_vocab_262144.pdf
  LP all_ones: mean=0.4720  min=0.4685  max=0.4755
    [[0.     0.4717 0.469  0.4731 0.4751]
 [0.4717 0.     0.4685 0.4732 0.4735]
 [0.469  0.4685 0.     0.4704 0.4698]
 [0.4731 0.4732 0.4704 0.     0.4755]
 [0.4751 0.4735 0.4698 0.4755 0.    ]]
  LP det     : mean=0.4278  min=0.4245  max=0.4313
    [[0.     0.4272 0.426  0.429  0.4306]
 [0.4272 0.     0.4245 0.4285 0.4292]
 [0.426  0.4245 0.     0.4255 0.4265]
 [0.429  0.4285 0.4255 0.     0.4313]
 [0.4306 0.4292 0.4265 0.4313 0.    ]]
  LP bias    : mean=0.4334  min=0.4316  max=0.4357
    [[0.     0.4327 0.4326 0.4335 0.4354]
 [0.4327 0.     0.4316 0.4333 0.4345]
 [0.4326 0.4316 0.     0.4318 0.4333]
 [0.4335 0.4333 0.4318 0.     0.4357]
 [0.4354 0.4345 0.4333 0.4357 0.    ]]
  BPE       : mean=0.4807  min=0.4780  max=0.4832
    [[0.     0.4812 0.4802 0.4814 0.4828]
 [0.4812 0.     0.478  0.4805 0.4817]
 [0.4802 0.478  0.     0.4788 0.4794]
 [0.4814 0.4805 0.4788 0.     0.4832]
 [0.4828 0.4817 0.4794 0.4832 0.    ]]
  UNIGRAM   : mean=0.4183  min=0.4135  max=0.4235
    [[0.     0.418  0.4135 0.4201 0.4214]
 [0.418  0.     0.4148 0.4206 0.4208]
 [0.4135 0.4148 0.     0.4144 0.4157]
 [0.4201 0.4206 0.4144 0.     0.4235]
 [0.4214 0.4208 0.4157 0.4235 0.    ]]

