Experiment : climbmix_sampling
T          : 5 samples
sample_size: 32768
vocab_sizes: [8192, 16384, 32768, 65536, 131072, 262144]
seed_base  : 42

=== Vocab size 8192 ===
  Length-conditioned raw pair results: results.json -> by_token_length
  Length-conditioned plot: jaccard_by_token_length_vocab_8192.png
  LP all_ones: mean=0.8801  min=0.8739  max=0.8889
    [[0.     0.881  0.8761 0.8802 0.8739]
 [0.881  0.     0.8844 0.8889 0.8838]
 [0.8761 0.8844 0.     0.8741 0.8805]
 [0.8802 0.8889 0.8741 0.     0.8782]
 [0.8739 0.8838 0.8805 0.8782 0.    ]]
  LP det     : mean=0.8511  min=0.8488  max=0.8534
    [[0.     0.8534 0.8509 0.8534 0.8513]
 [0.8534 0.     0.8497 0.853  0.8513]
 [0.8509 0.8497 0.     0.8488 0.8492]
 [0.8534 0.853  0.8488 0.     0.8499]
 [0.8513 0.8513 0.8492 0.8499 0.    ]]
  LP bias    : mean=0.8657  min=0.8625  max=0.8706
    [[0.     0.8665 0.8642 0.8657 0.8625]
 [0.8665 0.     0.8634 0.8706 0.8668]
 [0.8642 0.8634 0.     0.8642 0.8629]
 [0.8657 0.8706 0.8642 0.     0.8704]
 [0.8625 0.8668 0.8629 0.8704 0.    ]]
  BPE       : mean=0.8860  min=0.8807  max=0.8911
    [[0.     0.8857 0.8822 0.8896 0.8807]
 [0.8857 0.     0.8816 0.8907 0.8844]
 [0.8822 0.8816 0.     0.885  0.8887]
 [0.8896 0.8907 0.885  0.     0.8911]
 [0.8807 0.8844 0.8887 0.8911 0.    ]]
  UNIGRAM   : mean=0.6496  min=0.6392  max=0.6559
    [[0.     0.6469 0.6521 0.6392 0.6498]
 [0.6469 0.     0.6491 0.6469 0.6559]
 [0.6521 0.6491 0.     0.6518 0.6523]
 [0.6392 0.6469 0.6518 0.     0.6518]
 [0.6498 0.6559 0.6523 0.6518 0.    ]]

=== Vocab size 16384 ===
  Length-conditioned raw pair results: results.json -> by_token_length
  Length-conditioned plot: jaccard_by_token_length_vocab_16384.png
  LP all_ones: mean=0.8293  min=0.8248  max=0.8380
    [[0.     0.8275 0.8248 0.8257 0.8291]
 [0.8275 0.     0.8328 0.838  0.8299]
 [0.8248 0.8328 0.     0.83   0.8255]
 [0.8257 0.838  0.83   0.     0.83  ]
 [0.8291 0.8299 0.8255 0.83   0.    ]]
  LP det     : mean=0.8028  min=0.8002  max=0.8068
    [[0.     0.8008 0.802  0.8002 0.8021]
 [0.8008 0.     0.8032 0.8068 0.8052]
 [0.802  0.8032 0.     0.8005 0.802 ]
 [0.8002 0.8068 0.8005 0.     0.8048]
 [0.8021 0.8052 0.802  0.8048 0.    ]]
  LP bias    : mean=0.8167  min=0.8113  max=0.8241
    [[0.     0.8188 0.8164 0.8144 0.8113]
 [0.8188 0.     0.8174 0.8241 0.8177]
 [0.8164 0.8174 0.     0.8161 0.8135]
 [0.8144 0.8241 0.8161 0.     0.817 ]
 [0.8113 0.8177 0.8135 0.817  0.    ]]
  BPE       : mean=0.8437  min=0.8397  max=0.8495
    [[0.     0.844  0.8397 0.8443 0.8404]
 [0.844  0.     0.84   0.8494 0.8415]
 [0.8397 0.84   0.     0.8445 0.8437]
 [0.8443 0.8494 0.8445 0.     0.8495]
 [0.8404 0.8415 0.8437 0.8495 0.    ]]
  UNIGRAM   : mean=0.5894  min=0.5862  max=0.5932
    [[0.     0.5871 0.5876 0.5879 0.5862]
 [0.5871 0.     0.5922 0.592  0.5884]
 [0.5876 0.5922 0.     0.5932 0.5863]
 [0.5879 0.592  0.5932 0.     0.5932]
 [0.5862 0.5884 0.5863 0.5932 0.    ]]

=== Vocab size 32768 ===
  Length-conditioned raw pair results: results.json -> by_token_length
  Length-conditioned plot: jaccard_by_token_length_vocab_32768.png
  LP all_ones: mean=0.7515  min=0.7494  max=0.7537
    [[0.     0.7496 0.7508 0.7525 0.7496]
 [0.7496 0.     0.7494 0.7534 0.7517]
 [0.7508 0.7494 0.     0.7531 0.7511]
 [0.7525 0.7534 0.7531 0.     0.7537]
 [0.7496 0.7517 0.7511 0.7537 0.    ]]
  LP det     : mean=0.7328  min=0.7292  max=0.7355
    [[0.     0.7308 0.7315 0.7339 0.7301]
 [0.7308 0.     0.7292 0.7355 0.7343]
 [0.7315 0.7292 0.     0.7352 0.733 ]
 [0.7339 0.7355 0.7352 0.     0.7348]
 [0.7301 0.7343 0.733  0.7348 0.    ]]
  LP bias    : mean=0.7422  min=0.7379  max=0.7452
    [[0.     0.7395 0.7429 0.7422 0.7379]
 [0.7395 0.     0.7403 0.7452 0.7435]
 [0.7429 0.7403 0.     0.745  0.7413]
 [0.7422 0.7452 0.745  0.     0.7438]
 [0.7379 0.7435 0.7413 0.7438 0.    ]]
  BPE       : mean=0.7762  min=0.7735  max=0.7797
    [[0.     0.7737 0.778  0.7781 0.7735]
 [0.7737 0.     0.7736 0.7797 0.775 ]
 [0.778  0.7736 0.     0.7769 0.7768]
 [0.7781 0.7797 0.7769 0.     0.7768]
 [0.7735 0.775  0.7768 0.7768 0.    ]]
  UNIGRAM   : mean=0.5141  min=0.5118  max=0.5164
    [[0.     0.5125 0.513  0.5134 0.5118]
 [0.5125 0.     0.5133 0.5146 0.5162]
 [0.513  0.5133 0.     0.516  0.5141]
 [0.5134 0.5146 0.516  0.     0.5164]
 [0.5118 0.5162 0.5141 0.5164 0.    ]]

=== Vocab size 65536 ===
  Length-conditioned raw pair results: results.json -> by_token_length
  Length-conditioned plot: jaccard_by_token_length_vocab_65536.png
  LP all_ones: mean=0.6441  min=0.6380  max=0.6491
    [[0.     0.6397 0.638  0.6428 0.6425]
 [0.6397 0.     0.6491 0.6448 0.6491]
 [0.638  0.6491 0.     0.6417 0.6473]
 [0.6428 0.6448 0.6417 0.     0.6464]
 [0.6425 0.6491 0.6473 0.6464 0.    ]]
  LP det     : mean=0.6224  min=0.6195  max=0.6255
    [[0.     0.6207 0.6195 0.6211 0.6218]
 [0.6207 0.     0.6223 0.6241 0.6255]
 [0.6195 0.6223 0.     0.6214 0.6241]
 [0.6211 0.6241 0.6214 0.     0.624 ]
 [0.6218 0.6255 0.6241 0.624  0.    ]]
  LP bias    : mean=0.6313  min=0.6267  max=0.6379
    [[0.     0.6314 0.6297 0.6267 0.6306]
 [0.6314 0.     0.6349 0.6294 0.6379]
 [0.6297 0.6349 0.     0.6275 0.6355]
 [0.6267 0.6294 0.6275 0.     0.6295]
 [0.6306 0.6379 0.6355 0.6295 0.    ]]
  BPE       : mean=0.6802  min=0.6782  max=0.6826
    [[0.     0.681  0.6787 0.6799 0.6788]
 [0.681  0.     0.6785 0.6826 0.6822]
 [0.6787 0.6785 0.     0.6782 0.68  ]
 [0.6799 0.6826 0.6782 0.     0.6822]
 [0.6788 0.6822 0.68   0.6822 0.    ]]
  UNIGRAM   : mean=0.4255  min=0.4230  max=0.4274
    [[0.     0.4235 0.4245 0.423  0.4233]
 [0.4235 0.     0.4256 0.4268 0.4273]
 [0.4245 0.4256 0.     0.4274 0.4262]
 [0.423  0.4268 0.4274 0.     0.427 ]
 [0.4233 0.4273 0.4262 0.427  0.    ]]

=== Vocab size 131072 ===
  Length-conditioned raw pair results: results.json -> by_token_length
  Length-conditioned plot: jaccard_by_token_length_vocab_131072.png
  LP all_ones: mean=0.5001  min=0.4970  max=0.5017
    [[0.     0.497  0.5001 0.4993 0.4999]
 [0.497  0.     0.4987 0.5016 0.5015]
 [0.5001 0.4987 0.     0.5005 0.5005]
 [0.4993 0.5016 0.5005 0.     0.5017]
 [0.4999 0.5015 0.5005 0.5017 0.    ]]
  LP det     : mean=0.4827  min=0.4811  max=0.4847
    [[0.     0.4811 0.4847 0.4811 0.4831]
 [0.4811 0.     0.4824 0.4828 0.4847]
 [0.4847 0.4824 0.     0.4811 0.4837]
 [0.4811 0.4828 0.4811 0.     0.4823]
 [0.4831 0.4847 0.4837 0.4823 0.    ]]
  LP bias    : mean=0.4924  min=0.4904  max=0.4945
    [[0.     0.4904 0.4945 0.4913 0.4928]
 [0.4904 0.     0.4915 0.4918 0.4933]
 [0.4945 0.4915 0.     0.4919 0.4934]
 [0.4913 0.4918 0.4919 0.     0.4926]
 [0.4928 0.4933 0.4934 0.4926 0.    ]]
  BPE       : mean=0.5521  min=0.5498  max=0.5543
    [[0.     0.5509 0.5519 0.55   0.5526]
 [0.5509 0.     0.552  0.553  0.5543]
 [0.5519 0.552  0.     0.5498 0.5529]
 [0.55   0.553  0.5498 0.     0.5533]
 [0.5526 0.5543 0.5529 0.5533 0.    ]]
  UNIGRAM   : mean=0.3831  min=0.3801  max=0.3854
    [[0.     0.3801 0.3807 0.3807 0.3808]
 [0.3801 0.     0.3843 0.3848 0.3854]
 [0.3807 0.3843 0.     0.3846 0.3849]
 [0.3807 0.3848 0.3846 0.     0.3848]
 [0.3808 0.3854 0.3849 0.3848 0.    ]]

=== Vocab size 262144 ===
  Length-conditioned raw pair results: results.json -> by_token_length
  Length-conditioned plot: jaccard_by_token_length_vocab_262144.png
  LP all_ones: mean=0.4088  min=0.4074  max=0.4099
    [[0.     0.4076 0.4095 0.408  0.4093]
 [0.4076 0.     0.408  0.4091 0.4099]
 [0.4095 0.408  0.     0.4074 0.4096]
 [0.408  0.4091 0.4074 0.     0.4093]
 [0.4093 0.4099 0.4096 0.4093 0.    ]]
  LP det     : mean=0.3745  min=0.3731  max=0.3757
    [[0.     0.3734 0.3749 0.3731 0.3751]
 [0.3734 0.     0.3745 0.375  0.3756]
 [0.3749 0.3745 0.     0.3732 0.3757]
 [0.3731 0.375  0.3732 0.     0.3745]
 [0.3751 0.3756 0.3757 0.3745 0.    ]]
  LP bias    : mean=0.3956  min=0.3943  max=0.3970
    [[0.     0.3943 0.3955 0.3948 0.3956]
 [0.3943 0.     0.3956 0.3964 0.397 ]
 [0.3955 0.3956 0.     0.3947 0.3966]
 [0.3948 0.3964 0.3947 0.     0.396 ]
 [0.3956 0.397  0.3966 0.396  0.    ]]
  BPE       : mean=0.3992  min=0.3970  max=0.4014
    [[0.     0.3986 0.4005 0.3977 0.399 ]
 [0.3986 0.     0.399  0.3984 0.4005]
 [0.4005 0.399  0.     0.397  0.4014]
 [0.3977 0.3984 0.397  0.     0.3999]
 [0.399  0.4005 0.4014 0.3999 0.    ]]
  UNIGRAM   : mean=0.4232  min=0.4205  max=0.4256
    [[0.     0.4215 0.4215 0.4205 0.4216]
 [0.4215 0.     0.4243 0.4238 0.4245]
 [0.4215 0.4243 0.     0.4242 0.4256]
 [0.4205 0.4238 0.4242 0.     0.4246]
 [0.4216 0.4245 0.4256 0.4246 0.    ]]

