Experiment : climbmix_sampling
T          : 5 samples
sample_size: 16384
vocab_sizes: [8192, 16384, 32768, 65536, 131072, 262144]
seed_base  : 42

=== Vocab size 8192 ===
  Length-conditioned raw pair results: results.json -> by_token_length
  Length-conditioned plot: jaccard_by_token_length_vocab_8192.png
  LP all_ones: mean=0.8388  min=0.8292  max=0.8495
    [[0.     0.8495 0.8371 0.8438 0.8406]
 [0.8495 0.     0.8338 0.8468 0.8389]
 [0.8371 0.8338 0.     0.8292 0.8326]
 [0.8438 0.8468 0.8292 0.     0.8359]
 [0.8406 0.8389 0.8326 0.8359 0.    ]]
  LP det     : mean=0.8071  min=0.8030  max=0.8112
    [[0.     0.8094 0.808  0.8112 0.8094]
 [0.8094 0.     0.803  0.8098 0.8038]
 [0.808  0.803  0.     0.8034 0.8054]
 [0.8112 0.8098 0.8034 0.     0.8082]
 [0.8094 0.8038 0.8054 0.8082 0.    ]]
  LP bias    : mean=0.8275  min=0.8253  max=0.8319
    [[0.     0.8261 0.8263 0.8302 0.8261]
 [0.8261 0.     0.8272 0.8319 0.8265]
 [0.8263 0.8272 0.     0.8278 0.8253]
 [0.8302 0.8319 0.8278 0.     0.8278]
 [0.8261 0.8265 0.8253 0.8278 0.    ]]
  BPE       : mean=0.8559  min=0.8522  max=0.8619
    [[0.     0.8619 0.8595 0.861  0.8568]
 [0.8619 0.     0.8524 0.8524 0.8545]
 [0.8595 0.8524 0.     0.8522 0.8534]
 [0.861  0.8524 0.8522 0.     0.8545]
 [0.8568 0.8545 0.8534 0.8545 0.    ]]
  UNIGRAM   : mean=0.6085  min=0.6048  max=0.6113
    [[0.     0.6068 0.6097 0.6095 0.6048]
 [0.6068 0.     0.6081 0.6097 0.6068]
 [0.6097 0.6081 0.     0.609  0.6097]
 [0.6095 0.6097 0.609  0.     0.6113]
 [0.6048 0.6068 0.6097 0.6113 0.    ]]

=== Vocab size 16384 ===
  Length-conditioned raw pair results: results.json -> by_token_length
  Length-conditioned plot: jaccard_by_token_length_vocab_16384.png
  LP all_ones: mean=0.7753  min=0.7694  max=0.7808
    [[0.     0.7748 0.7735 0.7794 0.7769]
 [0.7748 0.     0.7771 0.7808 0.772 ]
 [0.7735 0.7771 0.     0.7763 0.7726]
 [0.7794 0.7808 0.7763 0.     0.7694]
 [0.7769 0.772  0.7726 0.7694 0.    ]]
  LP det     : mean=0.7494  min=0.7463  max=0.7539
    [[0.     0.7497 0.7479 0.7539 0.75  ]
 [0.7497 0.     0.7471 0.7516 0.7463]
 [0.7479 0.7471 0.     0.7495 0.7503]
 [0.7539 0.7516 0.7495 0.     0.7482]
 [0.75   0.7463 0.7503 0.7482 0.    ]]
  LP bias    : mean=0.7656  min=0.7598  max=0.7727
    [[0.     0.7681 0.7642 0.7727 0.7659]
 [0.7681 0.     0.7598 0.7704 0.7665]
 [0.7642 0.7598 0.     0.7632 0.7615]
 [0.7727 0.7704 0.7632 0.     0.7639]
 [0.7659 0.7665 0.7615 0.7639 0.    ]]
  BPE       : mean=0.7980  min=0.7938  max=0.8011
    [[0.     0.8011 0.7973 0.7998 0.8006]
 [0.8011 0.     0.7938 0.7986 0.7975]
 [0.7973 0.7938 0.     0.7986 0.7984]
 [0.7998 0.7986 0.7986 0.     0.7947]
 [0.8006 0.7975 0.7984 0.7947 0.    ]]
  UNIGRAM   : mean=0.5430  min=0.5404  max=0.5483
    [[0.     0.5404 0.5406 0.544  0.5422]
 [0.5404 0.     0.5425 0.5483 0.5413]
 [0.5406 0.5425 0.     0.5448 0.5429]
 [0.544  0.5483 0.5448 0.     0.5431]
 [0.5422 0.5413 0.5429 0.5431 0.    ]]

=== Vocab size 32768 ===
  Length-conditioned raw pair results: results.json -> by_token_length
  Length-conditioned plot: jaccard_by_token_length_vocab_32768.png
  LP all_ones: mean=0.6861  min=0.6799  max=0.6892
    [[0.     0.6821 0.6856 0.6872 0.6872]
 [0.6821 0.     0.6799 0.6892 0.6875]
 [0.6856 0.6799 0.     0.6881 0.6852]
 [0.6872 0.6892 0.6881 0.     0.689 ]
 [0.6872 0.6875 0.6852 0.689  0.    ]]
  LP det     : mean=0.6653  min=0.6611  max=0.6686
    [[0.     0.6675 0.6631 0.6678 0.6678]
 [0.6675 0.     0.6611 0.6686 0.6659]
 [0.6631 0.6611 0.     0.6656 0.6617]
 [0.6678 0.6686 0.6656 0.     0.6638]
 [0.6678 0.6659 0.6617 0.6638 0.    ]]
  LP bias    : mean=0.6780  min=0.6755  max=0.6816
    [[0.     0.6762 0.6757 0.679  0.6779]
 [0.6762 0.     0.6755 0.6816 0.6793]
 [0.6757 0.6755 0.     0.6809 0.6766]
 [0.679  0.6816 0.6809 0.     0.6775]
 [0.6779 0.6793 0.6766 0.6775 0.    ]]
  BPE       : mean=0.7202  min=0.7161  max=0.7258
    [[0.     0.7258 0.7232 0.7237 0.7208]
 [0.7258 0.     0.7173 0.7205 0.7165]
 [0.7232 0.7173 0.     0.7221 0.7161]
 [0.7237 0.7205 0.7221 0.     0.7162]
 [0.7208 0.7165 0.7161 0.7162 0.    ]]
  UNIGRAM   : mean=0.4599  min=0.4569  max=0.4616
    [[0.     0.4604 0.459  0.4616 0.4586]
 [0.4604 0.     0.4612 0.4613 0.4601]
 [0.459  0.4612 0.     0.4609 0.4569]
 [0.4616 0.4613 0.4609 0.     0.4588]
 [0.4586 0.4601 0.4569 0.4588 0.    ]]

=== Vocab size 65536 ===
  Length-conditioned raw pair results: results.json -> by_token_length
  Length-conditioned plot: jaccard_by_token_length_vocab_65536.png
  LP all_ones: mean=0.5693  min=0.5672  max=0.5722
    [[0.     0.5682 0.5689 0.571  0.5722]
 [0.5682 0.     0.5675 0.5714 0.5672]
 [0.5689 0.5675 0.     0.5697 0.5677]
 [0.571  0.5714 0.5697 0.     0.5689]
 [0.5722 0.5672 0.5677 0.5689 0.    ]]
  LP det     : mean=0.5390  min=0.5367  max=0.5422
    [[0.     0.54   0.5394 0.5386 0.5422]
 [0.54   0.     0.5367 0.5388 0.54  ]
 [0.5394 0.5367 0.     0.5369 0.5392]
 [0.5386 0.5388 0.5369 0.     0.538 ]
 [0.5422 0.54   0.5392 0.538  0.    ]]
  LP bias    : mean=0.5509  min=0.5467  max=0.5553
    [[0.     0.5514 0.5518 0.5512 0.5553]
 [0.5514 0.     0.5467 0.5509 0.5515]
 [0.5518 0.5467 0.     0.5491 0.5505]
 [0.5512 0.5509 0.5491 0.     0.551 ]
 [0.5553 0.5515 0.5505 0.551  0.    ]]
  BPE       : mean=0.6101  min=0.6081  max=0.6139
    [[0.     0.6139 0.6106 0.6108 0.6101]
 [0.6139 0.     0.6085 0.6108 0.6099]
 [0.6106 0.6085 0.     0.6098 0.6087]
 [0.6108 0.6108 0.6098 0.     0.6081]
 [0.6101 0.6099 0.6087 0.6081 0.    ]]
  UNIGRAM   : mean=0.3895  min=0.3861  max=0.3926
    [[0.     0.3926 0.3901 0.3888 0.3898]
 [0.3926 0.     0.3903 0.3916 0.3899]
 [0.3901 0.3903 0.     0.3866 0.3861]
 [0.3888 0.3916 0.3866 0.     0.3886]
 [0.3898 0.3899 0.3861 0.3886 0.    ]]

=== Vocab size 131072 ===
  Length-conditioned raw pair results: results.json -> by_token_length
  Length-conditioned plot: jaccard_by_token_length_vocab_131072.png
  LP all_ones: mean=0.4336  min=0.4302  max=0.4359
    [[0.     0.4356 0.4336 0.4344 0.4333]
 [0.4356 0.     0.4347 0.4359 0.4328]
 [0.4336 0.4347 0.     0.4333 0.4302]
 [0.4344 0.4359 0.4333 0.     0.4324]
 [0.4333 0.4328 0.4302 0.4324 0.    ]]
  LP det     : mean=0.4244  min=0.4227  max=0.4269
    [[0.     0.4269 0.424  0.4238 0.4249]
 [0.4269 0.     0.4245 0.4253 0.4253]
 [0.424  0.4245 0.     0.4227 0.4232]
 [0.4238 0.4253 0.4227 0.     0.4232]
 [0.4249 0.4253 0.4232 0.4232 0.    ]]
  LP bias    : mean=0.4293  min=0.4270  max=0.4324
    [[0.     0.4324 0.4293 0.4284 0.429 ]
 [0.4324 0.     0.4305 0.4306 0.4302]
 [0.4293 0.4305 0.     0.4283 0.4273]
 [0.4284 0.4306 0.4283 0.     0.427 ]
 [0.429  0.4302 0.4273 0.427  0.    ]]
  BPE       : mean=0.4751  min=0.4726  max=0.4787
    [[0.     0.4787 0.4753 0.4763 0.4761]
 [0.4787 0.     0.4734 0.4759 0.4759]
 [0.4753 0.4734 0.     0.4726 0.473 ]
 [0.4763 0.4759 0.4726 0.     0.4741]
 [0.4761 0.4759 0.473  0.4741 0.    ]]
  UNIGRAM   : mean=0.4269  min=0.4246  max=0.4294
    [[0.     0.4282 0.4269 0.4272 0.4265]
 [0.4282 0.     0.4271 0.4294 0.4261]
 [0.4269 0.4271 0.     0.4271 0.4246]
 [0.4272 0.4294 0.4271 0.     0.426 ]
 [0.4265 0.4261 0.4246 0.426  0.    ]]

=== Vocab size 262144 ===
  Length-conditioned raw pair results: results.json -> by_token_length
  Length-conditioned plot: jaccard_by_token_length_vocab_262144.png
  LP all_ones: mean=0.4108  min=0.4088  max=0.4128
    [[0.     0.4128 0.4104 0.4121 0.411 ]
 [0.4128 0.     0.4102 0.4116 0.4118]
 [0.4104 0.4102 0.     0.4089 0.4088]
 [0.4121 0.4116 0.4089 0.     0.4108]
 [0.411  0.4118 0.4088 0.4108 0.    ]]
  LP det     : mean=0.3691  min=0.3664  max=0.3707
    [[0.     0.3705 0.3689 0.3703 0.369 ]
 [0.3705 0.     0.3696 0.3707 0.3686]
 [0.3689 0.3696 0.     0.3685 0.3664]
 [0.3703 0.3707 0.3685 0.     0.3682]
 [0.369  0.3686 0.3664 0.3682 0.    ]]
  LP bias    : mean=0.3962  min=0.3943  max=0.3979
    [[0.     0.3979 0.3961 0.397  0.3961]
 [0.3979 0.     0.3965 0.3974 0.3962]
 [0.3961 0.3965 0.     0.395  0.3943]
 [0.397  0.3974 0.395  0.     0.3949]
 [0.3961 0.3962 0.3943 0.3949 0.    ]]
  BPE       : mean=0.3323  min=0.3298  max=0.3347
    [[0.     0.3343 0.3332 0.3312 0.3347]
 [0.3343 0.     0.3317 0.3307 0.334 ]
 [0.3332 0.3317 0.     0.3298 0.3323]
 [0.3312 0.3307 0.3298 0.     0.3313]
 [0.3347 0.334  0.3323 0.3313 0.    ]]
  UNIGRAM   : mean=0.4269  min=0.4246  max=0.4294
    [[0.     0.4282 0.4269 0.4272 0.4265]
 [0.4282 0.     0.4271 0.4294 0.4261]
 [0.4269 0.4271 0.     0.4271 0.4246]
 [0.4272 0.4294 0.4271 0.     0.426 ]
 [0.4265 0.4261 0.4246 0.426  0.    ]]

