Experiment : climbmix_sampling
T          : 5 samples
sample_size: 8192
vocab_sizes: [8192, 16384, 32768, 65536, 131072, 262144]
seed_base  : 42

=== Vocab size 8192 ===
  Length-conditioned raw pair results: results.json -> by_token_length
  Length-conditioned plot: jaccard_by_token_length_vocab_8192.png
  LP all_ones: mean=0.7885  min=0.7828  max=0.7955
    [[0.     0.792  0.7839 0.7923 0.7916]
 [0.792  0.     0.786  0.7955 0.7905]
 [0.7839 0.786  0.     0.7828 0.7864]
 [0.7923 0.7955 0.7828 0.     0.7836]
 [0.7916 0.7905 0.7864 0.7836 0.    ]]
  LP det     : mean=0.7588  min=0.7487  max=0.7662
    [[0.     0.7662 0.7581 0.7569 0.7607]
 [0.7662 0.     0.7599 0.7641 0.7637]
 [0.7581 0.7599 0.     0.7537 0.7562]
 [0.7569 0.7641 0.7537 0.     0.7487]
 [0.7607 0.7637 0.7562 0.7487 0.    ]]
  LP bias    : mean=0.7837  min=0.7785  max=0.7874
    [[0.     0.7822 0.7785 0.7837 0.787 ]
 [0.7822 0.     0.7841 0.7874 0.7865]
 [0.7785 0.7841 0.     0.782  0.7861]
 [0.7837 0.7874 0.782  0.     0.7793]
 [0.787  0.7865 0.7861 0.7793 0.    ]]
  BPE       : mean=0.8069  min=0.7933  max=0.8178
    [[0.     0.8128 0.8048 0.809  0.809 ]
 [0.8128 0.     0.7933 0.804  0.801 ]
 [0.8048 0.7933 0.     0.8074 0.8178]
 [0.809  0.804  0.8074 0.     0.8102]
 [0.809  0.801  0.8178 0.8102 0.    ]]
  UNIGRAM   : mean=0.5712  min=0.5646  max=0.5757
    [[0.     0.5676 0.5718 0.567  0.5723]
 [0.5676 0.     0.5757 0.5691 0.5754]
 [0.5718 0.5757 0.     0.5646 0.575 ]
 [0.567  0.5691 0.5646 0.     0.5735]
 [0.5723 0.5754 0.575  0.5735 0.    ]]

=== Vocab size 16384 ===
  Length-conditioned raw pair results: results.json -> by_token_length
  Length-conditioned plot: jaccard_by_token_length_vocab_16384.png
  LP all_ones: mean=0.7118  min=0.7050  max=0.7188
    [[0.     0.7149 0.714  0.7155 0.7146]
 [0.7149 0.     0.71   0.7109 0.705 ]
 [0.714  0.71   0.     0.7069 0.7071]
 [0.7155 0.7109 0.7069 0.     0.7188]
 [0.7146 0.705  0.7071 0.7188 0.    ]]
  LP det     : mean=0.6876  min=0.6849  max=0.6927
    [[0.     0.6927 0.6875 0.6893 0.6912]
 [0.6927 0.     0.6867 0.6869 0.6853]
 [0.6875 0.6867 0.     0.6854 0.6849]
 [0.6893 0.6869 0.6854 0.     0.6859]
 [0.6912 0.6853 0.6849 0.6859 0.    ]]
  LP bias    : mean=0.7057  min=0.6982  max=0.7120
    [[0.     0.712  0.7074 0.7068 0.7059]
 [0.712  0.     0.7019 0.7042 0.6982]
 [0.7074 0.7019 0.     0.7046 0.7057]
 [0.7068 0.7042 0.7046 0.     0.7106]
 [0.7059 0.6982 0.7057 0.7106 0.    ]]
  BPE       : mean=0.7374  min=0.7292  max=0.7434
    [[0.     0.7434 0.7378 0.7399 0.739 ]
 [0.7434 0.     0.7292 0.7383 0.7352]
 [0.7378 0.7292 0.     0.7363 0.7379]
 [0.7399 0.7383 0.7363 0.     0.7367]
 [0.739  0.7352 0.7379 0.7367 0.    ]]
  UNIGRAM   : mean=0.4939  min=0.4906  max=0.4974
    [[0.     0.4929 0.4943 0.4947 0.4974]
 [0.4929 0.     0.4944 0.491  0.4974]
 [0.4943 0.4944 0.     0.4915 0.4946]
 [0.4947 0.491  0.4915 0.     0.4906]
 [0.4974 0.4974 0.4946 0.4906 0.    ]]

=== Vocab size 32768 ===
  Length-conditioned raw pair results: results.json -> by_token_length
  Length-conditioned plot: jaccard_by_token_length_vocab_32768.png
  LP all_ones: mean=0.6069  min=0.6030  max=0.6143
    [[0.     0.6106 0.6041 0.6062 0.6078]
 [0.6106 0.     0.603  0.6143 0.6073]
 [0.6041 0.603  0.     0.6055 0.6055]
 [0.6062 0.6143 0.6055 0.     0.6052]
 [0.6078 0.6073 0.6055 0.6052 0.    ]]
  LP det     : mean=0.5889  min=0.5833  max=0.5947
    [[0.     0.5947 0.5897 0.5863 0.5884]
 [0.5947 0.     0.5888 0.5915 0.5912]
 [0.5897 0.5888 0.     0.5877 0.5877]
 [0.5863 0.5915 0.5877 0.     0.5833]
 [0.5884 0.5912 0.5877 0.5833 0.    ]]
  LP bias    : mean=0.6055  min=0.6007  max=0.6108
    [[0.     0.6096 0.6053 0.6045 0.6037]
 [0.6096 0.     0.6058 0.6108 0.6066]
 [0.6053 0.6058 0.     0.6058 0.6021]
 [0.6045 0.6108 0.6058 0.     0.6007]
 [0.6037 0.6066 0.6021 0.6007 0.    ]]
  BPE       : mean=0.6475  min=0.6424  max=0.6529
    [[0.     0.6529 0.644  0.6458 0.6496]
 [0.6529 0.     0.6424 0.648  0.6485]
 [0.644  0.6424 0.     0.6467 0.6504]
 [0.6458 0.648  0.6467 0.     0.6469]
 [0.6496 0.6485 0.6504 0.6469 0.    ]]
  UNIGRAM   : mean=0.4164  min=0.4127  max=0.4195
    [[0.     0.4189 0.4167 0.4176 0.4177]
 [0.4189 0.     0.4165 0.4164 0.4195]
 [0.4167 0.4165 0.     0.4127 0.4146]
 [0.4176 0.4164 0.4127 0.     0.4135]
 [0.4177 0.4195 0.4146 0.4135 0.    ]]

=== Vocab size 65536 ===
  Length-conditioned raw pair results: results.json -> by_token_length
  Length-conditioned plot: jaccard_by_token_length_vocab_65536.png
  LP all_ones: mean=0.4851  min=0.4825  max=0.4887
    [[0.     0.4857 0.4829 0.4854 0.4835]
 [0.4857 0.     0.4854 0.4887 0.4869]
 [0.4829 0.4854 0.     0.4839 0.4825]
 [0.4854 0.4887 0.4839 0.     0.4858]
 [0.4835 0.4869 0.4825 0.4858 0.    ]]
  LP det     : mean=0.4596  min=0.4574  max=0.4632
    [[0.     0.46   0.4576 0.4589 0.4609]
 [0.46   0.     0.4583 0.4632 0.4617]
 [0.4576 0.4583 0.     0.4574 0.4577]
 [0.4589 0.4632 0.4574 0.     0.4603]
 [0.4609 0.4617 0.4577 0.4603 0.    ]]
  LP bias    : mean=0.4676  min=0.4656  max=0.4695
    [[0.     0.4676 0.4656 0.4664 0.4695]
 [0.4676 0.     0.4672 0.4691 0.4692]
 [0.4656 0.4672 0.     0.4658 0.4664]
 [0.4664 0.4691 0.4658 0.     0.4691]
 [0.4695 0.4692 0.4664 0.4691 0.    ]]
  BPE       : mean=0.5317  min=0.5294  max=0.5344
    [[0.     0.5329 0.5294 0.5308 0.5337]
 [0.5329 0.     0.5295 0.5306 0.5344]
 [0.5294 0.5295 0.     0.5302 0.5335]
 [0.5308 0.5306 0.5302 0.     0.5322]
 [0.5337 0.5344 0.5335 0.5322 0.    ]]
  UNIGRAM   : mean=0.3851  min=0.3821  max=0.3892
    [[0.     0.3891 0.3847 0.3851 0.3841]
 [0.3891 0.     0.3858 0.3892 0.386 ]
 [0.3847 0.3858 0.     0.3829 0.3822]
 [0.3851 0.3892 0.3829 0.     0.3821]
 [0.3841 0.386  0.3822 0.3821 0.    ]]

=== Vocab size 131072 ===
  Length-conditioned raw pair results: results.json -> by_token_length
  Length-conditioned plot: jaccard_by_token_length_vocab_131072.png
  LP all_ones: mean=0.4072  min=0.4036  max=0.4103
    [[0.     0.4099 0.4055 0.408  0.4074]
 [0.4099 0.     0.4052 0.4103 0.4102]
 [0.4055 0.4052 0.     0.4036 0.4045]
 [0.408  0.4103 0.4036 0.     0.4075]
 [0.4074 0.4102 0.4045 0.4075 0.    ]]
  LP det     : mean=0.3641  min=0.3615  max=0.3664
    [[0.     0.3659 0.3615 0.3639 0.3643]
 [0.3659 0.     0.3631 0.3664 0.3661]
 [0.3615 0.3631 0.     0.3625 0.3627]
 [0.3639 0.3664 0.3625 0.     0.3641]
 [0.3643 0.3661 0.3627 0.3641 0.    ]]
  LP bias    : mean=0.3924  min=0.3890  max=0.3955
    [[0.     0.3941 0.389  0.3922 0.3928]
 [0.3941 0.     0.3924 0.3955 0.3954]
 [0.389  0.3924 0.     0.3901 0.3907]
 [0.3922 0.3955 0.3901 0.     0.3921]
 [0.3928 0.3954 0.3907 0.3921 0.    ]]
  BPE       : mean=0.3938  min=0.3907  max=0.3960
    [[0.     0.3944 0.392  0.3929 0.396 ]
 [0.3944 0.     0.3907 0.3933 0.3954]
 [0.392  0.3907 0.     0.3922 0.3952]
 [0.3929 0.3933 0.3922 0.     0.3955]
 [0.396  0.3954 0.3952 0.3955 0.    ]]
  UNIGRAM   : mean=0.4243  min=0.4220  max=0.4282
    [[0.     0.4271 0.4233 0.4228 0.424 ]
 [0.4271 0.     0.425  0.4282 0.4254]
 [0.4233 0.425  0.     0.4221 0.422 ]
 [0.4228 0.4282 0.4221 0.     0.4229]
 [0.424  0.4254 0.422  0.4229 0.    ]]

=== Vocab size 262144 ===
  Length-conditioned raw pair results: results.json -> by_token_length
  Length-conditioned plot: jaccard_by_token_length_vocab_262144.png
  LP all_ones: mean=0.4071  min=0.4034  max=0.4103
    [[0.     0.4099 0.4052 0.4081 0.4074]
 [0.4099 0.     0.405  0.4103 0.4103]
 [0.4052 0.405  0.     0.4034 0.4042]
 [0.4081 0.4103 0.4034 0.     0.4076]
 [0.4074 0.4103 0.4042 0.4076 0.    ]]
  LP det     : mean=0.3769  min=0.3751  max=0.3793
    [[0.     0.3779 0.3753 0.377  0.3771]
 [0.3779 0.     0.3768 0.3793 0.3783]
 [0.3753 0.3768 0.     0.3755 0.3751]
 [0.377  0.3793 0.3755 0.     0.377 ]
 [0.3771 0.3783 0.3751 0.377  0.    ]]
  LP bias    : mean=0.4041  min=0.4020  max=0.4068
    [[0.     0.4048 0.4023 0.404  0.404 ]
 [0.4048 0.     0.4046 0.4068 0.4058]
 [0.4023 0.4046 0.     0.4027 0.402 ]
 [0.404  0.4068 0.4027 0.     0.4046]
 [0.404  0.4058 0.402  0.4046 0.    ]]
  BPE       : mean=0.3248  min=0.3227  max=0.3274
    [[0.     0.3274 0.3233 0.3238 0.3254]
 [0.3274 0.     0.3234 0.3263 0.3273]
 [0.3233 0.3234 0.     0.323  0.3227]
 [0.3238 0.3263 0.323  0.     0.3253]
 [0.3254 0.3273 0.3227 0.3253 0.    ]]
  UNIGRAM   : mean=0.4243  min=0.4220  max=0.4282
    [[0.     0.4271 0.4233 0.4228 0.424 ]
 [0.4271 0.     0.425  0.4282 0.4254]
 [0.4233 0.425  0.     0.4221 0.422 ]
 [0.4228 0.4282 0.4221 0.     0.4229]
 [0.424  0.4254 0.422  0.4229 0.    ]]

